0 0.25298110620519976 0.42313602937759914 0.08203217261537983 0.0579397878817268
0 0.35019964832174855 0.40044821528307517 0.07156826929603177 0.06329696757828493
0 0.44609375 0.4 0.0671875 0.0625
0 0.4625 0.47265625 0.034375 0.0484375
0 0.6500355501912038 0.24371959634706108 0.12159158008391255 0.04719347758022465
0 0.603326493552508 0.23510974195491433 0.03615098755244537 0.026243506667959694
0 0.6267406827646274 0.21301160134803093 0.03013778589277134 0.028858323637421534
0 0.6617901889884047 0.22179679892243653 0.03146348755244528 0.025860869395056163
0 0.6853819769557685 0.19735490831555308 0.03158188672260849 0.027423369395056164
0 0.9260965296457722 0.46342722103295114 0.1437033784242386 0.05210411818710803
0 0.8716709840047384 0.382464005580698 0.07784158008391255 0.04362219636645772
0 0.944860030270472 0.36950187785069205 0.07940408008391256 0.04374974212409235