0 0.47421875 0.8265625 0.034375 0.02734375
0 0.5046875 0.82890625 0.03125 0.02890625
0 0.46640625 0.88046875 0.02890625 0.03046875
0 0.5 0.884375 0.028125 0.02734375
0 0.2203125 0.859375 0.03515625 0.0265625
0 0.253125 0.85859375 0.02734375 0.02890625
0 0.2375 0.8078125 0.025 0.01953125
0 0.26328125 0.809375 0.02578125 0.0234375
0 0.4296875 0.35078125 0.11328125 0.01875
0 0.3859375 0.37109375 0.03046875 0.01796875
0 0.41015625 0.38671875 0.0234375 0.021875
0 0.44296875 0.3703125 0.0265625 0.01875
0 0.46640625 0.38828125 0.02578125 0.0203125
0 0.6734375 0.07578125 0.134375 0.01875
0 0.628125 0.16640625 0.06875 0.02578125
0 0.69921875 0.1625 0.0703125 0.025