0 0.3376802609535666 0.4398326454235065 0.03247753087881229 0.04291485182361114
0 0.3623703723946223 0.4767325801690273 0.025954746239076343 0.033394381458888844
0 0.3080011211409811 0.4670679458603468 0.04305131802583091 0.03066942496187508
0 0.2811514646353482 0.5043867611148259 0.03537521034569906 0.03517508700597229
0 0.27390491745919976 0.4046231504574996 0.07548338479802048 0.07202177678548623
0 0.3388850597790677 0.39842639542350644 0.036664925705962935 0.02583645459715278
0 0.37579402639297294 0.4178660732351731 0.06340928213245363 0.03270470364722229
0 0.475 0.43046875 0.15 0.0765625
0 0.3703125 0.6390625 0.06875 0.01875
0 0.56484375 0.75234375 0.0296875 0.0296875
0 0.6692354524946472 0.8062369357923606 0.06042067445232178 0.03731946846486114
0 0.7901496945770884 0.8900826460890965 0.03643760517284953 0.01802395459715278