0 0.02734375 0.384375 0.0546875 0.053125
0 0.31068549877888874 0.39083998733952596 0.03656479139585791 0.038450494804219915
0 0.43854962580913126 0.23249797359377103 0.061973894480112965 0.06363616510280767
0 0.9631268859554009 0.03523447954585572 0.05506932954530477 0.025699122528160777
0 0.9822041684228051 0.052673351821914946 0.028506829545304768 0.023841691585911207
0 0.9582990641207341 0.0723356417986718 0.031659103084255236 0.025622712873234654
0 0.2847815178536122 0.7360478525782196 0.07587275324641088 0.05524451089576328
0 0.8074887662320543 0.6812300405578345 0.07104888555165907 0.0471042289647781
0 0.7145609265404799 0.6900747988557078 0.060220479707460584 0.05258940445914595
0 0.582052389608849 0.6719635732451245 0.13960797077900686 0.040974197285894395
0 0.5659131465087078 0.5987827993599109 0.11449887662320543 0.03297602698730664