0 0.4181967537028129 0.7368733765733608 0.08237739532659738 0.05459425684847723
0 0.11765189304548648 0.7242377863169787 0.03811824905006951 0.029404080083912553
0 0.0109375 0.5484375 0.021875 0.05
0 0.00859375 0.57734375 0.0171875 0.0234375
0 0.8813364526003825 0.884085460382251 0.02903418977951393 0.04119368506293455
0 0.8484155030372229 0.9104461282237459 0.024164851823611146 0.03302598755244546
0 0.9016314220151742 0.9183779500092888 0.04124324905006951 0.029640878424238615
0 0.9190014131814589 0.9610273912960003 0.031977351823611146 0.03361798340326061
0 0.9527750415062158 0.8707818222097501 0.07024107123840295 0.06927206348717299
0 0.8913465790252783 0.8450705045733923 0.036446646276527786 0.024598180913749525
0 0.8493772845723617 0.8512487269789905 0.06155574905006951 0.031180067636357833
0 0.7263573586605562 0.826329392121193 0.1934603656913195 0.06925059793005203